0.0000000000
0.0000000000
0.0000000000
0.0000000000
0.0000000000
0.0000000000
0.0000000000
0.0000000000
0.0000000000
0.0000000000
0.0000000000
0.0000000000
0.0000000000
0.0000000000
0.0000000000
0.0000000000
0.0000000000
0.0000000000
0.0000000000
0.0000000000
0.0000000000
0.0000000000
0.0000000000
0.0000000000
0.0000000000
0.0000000000
0.0000000000
0.0000000000
0.0000000000
0.0000000000
0.0000000000
0.0000000000
0.0000000000
0.0000000000
0.0513305664
0.0000000000
0.0000000000
0.0000000000
0.0000000000
0.0140419006
0.0000000000
0.0000000000
0.0103073120
0.0000000000
0.0000000000
0.0069351196
0.0052490234
0.0045547485
0.0038909912
0.0038146973
0.0035972595
0.0033874512
0.0035781860
0.0040664673
0.0043563843
0.0000000000
0.0046348572
0.0049438477
0.0052986145
0.0052185059
0.0000000000
0.0051193237
0.0048332214
0.0047683716
0.0044326782
0.0040092468
0.0041999817
0.0043754578
0.0045890808
0.0048522949
0.0056343079
0.0061302185
0.0000000000
0.0070190430
0.0080032349
0.0000000000
0.0097465515
0.0000000000
0.0108032227
0.0000000000
0.0000000000
0.0129432678
0.0000000000
0.0000000000
0.0147514343
0.0000000000
0.0000000000
0.0166969299
0.0000000000
0.0000000000
0.0180702209
0.0000000000
0.0000000000
0.0000000000
0.0191612244
0.0000000000
0.0000000000
0.0194396973
0.0000000000
0.0000000000
0.0000000000
0.0182189941
0.0000000000
0.0000000000
0.0169067383
0.0000000000
0.0141296387
0.0000000000
0.0120887756
0.0000000000
0.0097351074
0.0079040527
0.0069007874
0.0000000000
0.0120315552
0.0054283142
0.0051155090
0.0050621033
0.0047950745
0.0045280457
0.0094490051
0.0045890808
0.0049133301
0.0050888062
0.0049743652
0.0100021362
0.0052108765
0.0054016113
0.0058250427
0.0060615540
0.0059661865
0.0063209534
0.0067024231
0.0000000000
0.0070419312
0.0069313049
0.0070075989
0.0074615479
0.0000000000
0.0073852539
0.0081596375
0.0085906982
0.0000000000
0.0091552734
0.0000000000
0.0099792480
0.0000000000
0.0109367371
0.0000000000
0.0115928650
0.0000000000
0.0118026733
0.0000000000
0.0121574402
0.0000000000
0.0130805969
0.0000000000
0.0000000000
0.0135765076
0.0000000000
0.0137062073
0.0000000000
0.0123748779
0.0000000000
0.0000000000
0.0127296448
0.0000000000
0.0123138428
0.0000000000
0.0111312866
0.0000000000
0.0104942322
0.0000000000
0.0093803406
0.0000000000
0.0089836121
0.0083236694
0.0000000000
0.0080871582
0.0000000000
0.0078163147
0.0072860718
0.0000000000
0.0069694519
0.0063781738
0.0058021545
0.0055923462
0.0000000000
0.0056877136
0.0054740906
0.0053367615
0.0049362183
0.0046615601
0.0042381287
0.0040435791
0.0038375854
0.0035400391
0.0034217834
0.0062599182
0.0031852722
0.0052719116
0.0027770996
0.0050888062
0.0022430420
0.0043220520
0.0039215088
0.0035743713
0.0035362244
0.0031089783
0.0043830872
0.0028457642
0.0030784607
0.0041198730
0.0024833679
0.0033645630
0.0035133362
0.0024757385
0.0034561157
0.0022697449
0.0033531189
0.0024108887
0.0033454895
0.0021896362
0.0021553040
0.0030441284
0.0020370483
0.0028190613
0.0019493103
0.0020256042
0.0026550293
0.0018234253
0.0017890930
0.0019989014
0.0021095276
0.0019531250
0.0011978149
0.0020141602
0.0008659363
0.0015640259
0.0013008118
0.0013465881
0.0012359619
0.0011482239
0.0010261536
0.0010566711
0.0009574890
0.0004615784
0.0009117126
0.0004806519
0.0008087158
0.0003089905
0.0003967285
0.0002174377
0.0001716614
0.0000495911
0.0000000000
