0.0019048170
0.0030309171
0.0043857110
0.0041505037
0.0031662517
0.0034788965
0.0037857515
0.0040868168
0.0043820924
0.0046715783
0.0024425371
0.0050949514
0.0026509669
0.0055052976
0.0028528833
0.0029187413
0.0060321619
0.0031119731
0.0031749363
0.0032371758
0.0032986915
0.0067790354
0.0034788965
0.0035375174
0.0035954145
0.0036525880
0.0037090377
0.0037647638
0.0038197661
0.0038740447
0.0039275996
0.0039804308
0.0040325382
0.0040839220
0.0041345820
0.0041845183
0.0042337309
0.0042822198
0.0043299849
0.0000000000
0.0043770264
0.0044233441
0.0044689382
0.0045138085
0.0045579551
0.0046013780
0.0046440771
0.0000000000
0.0046860526
0.0047273043
0.0047678323
0.0048076366
0.0000000000
0.0048467172
0.0048850741
0.0049227073
0.0049596167
0.0000000000
0.0049958025
0.0050312645
0.0050660028
0.0051000174
0.0000000000
0.0051333082
0.0051658754
0.0051977189
0.0000000000
0.0052288386
0.0052592346
0.0052889069
0.0000000000
0.0053178555
0.0053460804
0.0000000000
0.0053735815
0.0054003590
0.0054264127
0.0000000000
0.0054517427
0.0054763490
0.0000000000
0.0055002316
0.0055233905
0.0055458256
0.0000000000
0.0055675371
0.0055885248
0.0000000000
0.0056087888
0.0056283291
0.0056471457
0.0000000000
0.0056652385
0.0056826077
0.0000000000
0.0056992531
0.0057151748
0.0000000000
0.0057303729
0.0057448472
0.0000000000
0.0057585977
0.0057716246
0.0000000000
0.0057839277
0.0057955072
0.0000000000
0.0058063629
0.0058164949
0.0000000000
0.0058259032
0.0058345878
0.0000000000
0.0058425486
0.0058497858
0.0000000000
0.0058562992
0.0058620889
0.0000000000
0.0058671549
0.0058714972
0.0000000000
0.0058751158
0.0058780107
0.0000000000
0.0058801818
0.0058816292
0.0058823529
0.0000000000
0.0058823529
0.0058816292
0.0000000000
0.0058801818
0.0058780107
0.0000000000
0.0058751158
0.0058714972
0.0000000000
0.0058671549
0.0058620889
0.0000000000
0.0058562992
0.0058497858
0.0000000000
0.0058425486
0.0058345878
0.0000000000
0.0058259032
0.0058164949
0.0000000000
0.0058063629
0.0057955072
0.0000000000
0.0057839277
0.0057716246
0.0000000000
0.0057585977
0.0057448472
0.0000000000
0.0057303729
0.0057151748
0.0000000000
0.0056992531
0.0056826077
0.0000000000
0.0056652385
0.0056471457
0.0056283291
0.0000000000
0.0056087888
0.0055885248
0.0000000000
0.0055675371
0.0055458256
0.0055233905
0.0000000000
0.0055002316
0.0054763490
0.0000000000
0.0054517427
0.0054264127
0.0054003590
0.0000000000
0.0053735815
0.0053460804
0.0000000000
0.0053178555
0.0052889069
0.0052592346
0.0000000000
0.0052288386
0.0051977189
0.0051658754
0.0000000000
0.0051333082
0.0051000174
0.0050660028
0.0050312645
0.0000000000
0.0049958025
0.0049596167
0.0049227073
0.0048850741
0.0000000000
0.0048467172
0.0048076366
0.0047678323
0.0047273043
0.0000000000
0.0046860526
0.0046440771
0.0046013780
0.0045579551
0.0045138085
0.0044689382
0.0044233441
0.0000000000
0.0043770264
0.0043299849
0.0042822198
0.0042337309
0.0041845183
0.0041345820
0.0040839220
0.0040325382
0.0039804308
0.0039275996
0.0038740447
0.0038197661
0.0037647638
0.0037090377
0.0036525880
0.0035954145
0.0035375174
0.0068984484
0.0033594836
0.0032986915
0.0032371758
0.0031749363
0.0061602594
0.0029838756
0.0029187413
0.0056391848
0.0027189961
0.0052331809
0.0025127374
0.0048141501
0.0045275591
0.0042351783
0.0039370079
0.0036330477
0.0033232978
0.0043915007
0.0047171723
0.0033739579
0.0025330014
