0.0513305664
0.0140419006
0.0103073120
0.0069351196
0.0052490234
0.0045547485
0.0038909912
0.0038146973
0.0035972595
0.0033874512
0.0035781860
0.0040664673
0.0043563843
0.0046348572
0.0049438477
0.0052986145
0.0052185059
0.0051193237
0.0048332214
0.0047683716
0.0044326782
0.0040092468
0.0041999817
0.0043754578
0.0045890808
0.0048522949
0.0056343079
0.0061302185
0.0070190430
0.0080032349
0.0097465515
0.0108032227
0.0129432678
0.0147514343
0.0166969299
0.0180702209
0.0191612244
0.0194396973
0.0182189941
0.0169067383
0.0141296387
0.0120887756
0.0097351074
0.0079040527
0.0069007874
0.0062408447
0.0057907104
0.0054283142
0.0051155090
0.0050621033
0.0047950745
0.0045280457
0.0046730042
0.0047760010
0.0045890808
0.0049133301
0.0050888062
0.0049743652
0.0048904419
0.0051116943
0.0052108765
0.0054016113
0.0058250427
0.0060615540
0.0059661865
0.0063209534
0.0067024231
0.0070419312
0.0069313049
0.0070075989
0.0074615479
0.0073852539
0.0081596375
0.0085906982
0.0091552734
0.0099792480
0.0109367371
0.0115928650
0.0118026733
0.0121574402
0.0130805969
0.0135765076
0.0137062073
0.0123748779
0.0127296448
0.0123138428
0.0111312866
0.0104942322
0.0093803406
0.0089836121
0.0083236694
0.0080871582
0.0078163147
0.0072860718
0.0069694519
0.0063781738
0.0058021545
0.0055923462
0.0056877136
0.0054740906
0.0053367615
0.0049362183
0.0046615601
0.0042381287
0.0040435791
0.0038375854
0.0035400391
0.0034217834
0.0031242371
0.0031356812
0.0031852722
0.0026855469
0.0025863647
0.0027770996
0.0026855469
0.0024032593
0.0022430420
0.0021514893
0.0021705627
0.0019493103
0.0019721985
0.0019226074
0.0016517639
0.0017242432
0.0018119812
0.0015525818
0.0015563965
0.0015411377
0.0013885498
0.0014533997
0.0014762878
0.0013694763
0.0016136169
0.0014648438
0.0014343262
0.0013542175
0.0013313293
0.0012092590
0.0012741089
0.0011825562
0.0011291504
0.0010528564
0.0011100769
0.0012550354
0.0011482239
0.0012321472
0.0012435913
0.0011062622
0.0011901855
0.0011596680
0.0011062622
0.0011634827
0.0010337830
0.0011787415
0.0011405945
0.0013046265
0.0011062622
0.0010643005
0.0010910034
0.0011901855
0.0010528564
0.0011367798
0.0010948181
0.0010604858
0.0010375977
0.0010223389
0.0009841919
0.0010223389
0.0010147095
0.0009574890
0.0009994507
0.0008621216
0.0010032654
0.0009460449
0.0010108948
0.0010147095
0.0009040833
0.0008888245
0.0008621216
0.0009651184
0.0008583069
0.0009078979
0.0008811951
0.0010185242
0.0009803772
0.0010681152
0.0010414124
0.0009613037
0.0009918213
0.0011978149
0.0010910034
0.0009231567
0.0008659363
0.0008392334
0.0007247925
0.0006942749
0.0006065369
0.0006866455
0.0006599426
0.0005912781
0.0006446838
0.0005340576
0.0006141663
0.0005302429
0.0004959106
0.0005455017
0.0005111694
0.0004615784
0.0004959106
0.0004615784
0.0004692078
0.0004425049
0.0004806519
0.0003776550
0.0004310608
0.0003089905
0.0002441406
0.0001525879
0.0000724792
0.0000610352
0.0000419617
0.0000419617
0.0000381470
0.0000267029
0.0000114441
0.0000038147
0.0000152588
0.0000152588
0.0000038147
0.0000000000
0.0000000000
0.0000000000
0.0000038147
0.0000000000
0.0000038147
0.0000038147
0.0000000000
0.0000000000
0.0000076294
0.0000038147
0.0000038147
0.0000000000
0.0000000000
0.0000000000
0.0000000000
0.0000114441
0.0000000000
0.0000038147
0.0000076294
0.0000076294
0.0000000000
0.0000038147
0.0000000000
0.0000076294
0.0000076294
0.0000305176
