0.0000000000
0.0000000000
0.0000000000
0.0000000000
0.0000000000
0.0000000000
0.0000000000
0.0000000000
0.0000000000
0.0000000000
0.0000000000
0.0000000000
0.0000000000
0.0513305664
0.0000000000
0.0000000000
0.0000000000
0.0140419006
0.0000000000
0.0103073120
0.0000000000
0.0069351196
0.0052490234
0.0000000000
0.0045547485
0.0038909912
0.0074119568
0.0033874512
0.0035781860
0.0040664673
0.0043563843
0.0000000000
0.0046348572
0.0049438477
0.0052986145
0.0052185059
0.0000000000
0.0051193237
0.0048332214
0.0047683716
0.0044326782
0.0040092468
0.0041999817
0.0000000000
0.0043754578
0.0045890808
0.0048522949
0.0056343079
0.0000000000
0.0061302185
0.0000000000
0.0070190430
0.0000000000
0.0080032349
0.0000000000
0.0097465515
0.0000000000
0.0000000000
0.0108032227
0.0000000000
0.0000000000
0.0129432678
0.0000000000
0.0000000000
0.0000000000
0.0147514343
0.0000000000
0.0000000000
0.0000000000
0.0166969299
0.0000000000
0.0000000000
0.0000000000
0.0000000000
0.0180702209
0.0000000000
0.0000000000
0.0000000000
0.0000000000
0.0191612244
0.0000000000
0.0000000000
0.0000000000
0.0000000000
0.0194396973
0.0000000000
0.0000000000
0.0000000000
0.0182189941
0.0000000000
0.0000000000
0.0000000000
0.0000000000
0.0169067383
0.0000000000
0.0000000000
0.0141296387
0.0000000000
0.0000000000
0.0120887756
0.0000000000
0.0000000000
0.0097351074
0.0000000000
0.0079040527
0.0000000000
0.0069007874
0.0062408447
0.0000000000
0.0057907104
0.0054283142
0.0051155090
0.0000000000
0.0050621033
0.0047950745
0.0045280457
0.0046730042
0.0000000000
0.0047760010
0.0045890808
0.0049133301
0.0050888062
0.0000000000
0.0049743652
0.0048904419
0.0051116943
0.0052108765
0.0000000000
0.0054016113
0.0058250427
0.0000000000
0.0060615540
0.0059661865
0.0000000000
0.0063209534
0.0000000000
0.0067024231
0.0070419312
0.0000000000
0.0069313049
0.0000000000
0.0070075989
0.0000000000
0.0074615479
0.0000000000
0.0073852539
0.0000000000
0.0081596375
0.0000000000
0.0085906982
0.0000000000
0.0091552734
0.0000000000
0.0000000000
0.0099792480
0.0000000000
0.0000000000
0.0109367371
0.0000000000
0.0000000000
0.0115928650
0.0000000000
0.0000000000
0.0118026733
0.0000000000
0.0000000000
0.0121574402
0.0000000000
0.0000000000
0.0130805969
0.0000000000
0.0000000000
0.0000000000
0.0135765076
0.0000000000
0.0000000000
0.0137062073
0.0000000000
0.0000000000
0.0123748779
0.0000000000
0.0000000000
0.0000000000
0.0127296448
0.0000000000
0.0000000000
0.0123138428
0.0000000000
0.0000000000
0.0111312866
0.0000000000
0.0104942322
0.0000000000
0.0000000000
0.0093803406
0.0000000000
0.0089836121
0.0000000000
0.0083236694
0.0000000000
0.0080871582
0.0000000000
0.0078163147
0.0000000000
0.0072860718
0.0000000000
0.0069694519
0.0063781738
0.0000000000
0.0058021545
0.0055923462
0.0000000000
0.0056877136
0.0054740906
0.0053367615
0.0000000000
0.0049362183
0.0046615601
0.0042381287
0.0040435791
0.0038375854
0.0035400391
0.0034217834
0.0062599182
0.0031852722
0.0052719116
0.0027770996
0.0050888062
0.0022430420
0.0043220520
0.0039215088
0.0035743713
0.0050888062
0.0030975342
0.0043182373
0.0044479370
0.0041198730
0.0036659241
0.0032920837
0.0048789978
0.0034561157
0.0044822693
0.0035514832
0.0033454895
0.0043449402
0.0040664673
0.0038337708
0.0039749146
0.0036201477
0.0046463013
0.0030708313
0.0042037964
0.0044174194
0.0035743713
0.0038833618
0.0024337769
