34
39
42
45
46
47
48
49
50
51
52
53
54
56
57
58
59
61
62
63
64
65
66
67
68
69
70
71
73
74
76
78
81
84
87
90
94
97
101
104
106
108
110
111
112
114
114
115
116
117
118
119
120
120
121
122
123
124
125
125
126
127
128
129
130
131
132
134
135
136
137
139
140
141
143
145
147
149
151
153
155
158
160
162
165
167
169
171
173
175
176
178
180
181
183
184
185
186
188
189
190
191
192
193
194
195
196
197
198
198
199
200
200
201
202
202
203
204
204
205
205
206
206
207
207
208
208
209
209
209
210
210
211
211
212
212
212
213
213
214
214
214
215
215
215
216
216
217
217
217
218
218
219
219
219
220
220
221
221
221
222
222
223
223
224
224
224
225
225
226
226
226
227
227
228
228
229
229
229
230
230
231
231
232
232
233
233
234
234
235
236
236
237
238
238
239
239
240
240
241
241
242
242
243
243
244
244
245
245
246
247
247
248
249
249
250
251
251
252
252
252
252
253
253
253
253
253
253
253
253
253
253
253
253
253
253
253
253
253
253
253
253
253
253
253
253
253
253
253
253
253
254
254
254
254
254
