3034	88486072	98718
3034	88486072	98718
73	0	36
3034	88486074	98718
3034	88486074	98718
3034	88486074	98718
225	32587	65554
225	32587	65554
225	32587	65554
685	33688	1998
685	33688	1998
685	33688	1998
126	20584	4035
126	20584	4035
126	20584	4035
9	8	194
9	8	194
9	8	194
234	276	11825
234	276	11825
234	276	11825
1342	2828	9469
1342	2828	9469
1342	2828	9469
414	164	2227
414	164	2227
414	164	2227
14	1	1
14	1	1
14	1	1
52	59	133
52	59	133
52	59	133
51	27	1478
51	27	1478
51	27	1478
212	41	243
212	41	243
212	41	243
131	5269	388
131	5269	388
131	5269	388
268	16	1162
268	16	1162
268	16	1162
610	153	840
610	153	840
610	153	840
72	187	5935
72	187	5935
72	187	5935
33	89	3183
33	89	3183
33	89	3183
88	55	984
88	55	984
88	55	984
83	107	4701
83	107	4701
83	107	4701
11	6	13
11	6	13
11	6	13
3034	88486107	98718
3034	88486107	98718
3034	88486107	98718
225	32587	65554
225	32587	65554
225	32587	65554
685	33688	1998
685	33688	1998
685	33688	1998
126	20585	4035
126	20585	4035
126	20585	4035
9	8	194
9	8	194
9	8	194
234	276	11825
234	276	11825
234	276	11825
1342	2828	9469
1342	2828	9469
1342	2828	9469
414	164	2227
414	164	2227
414	164	2227
14	1	1
14	1	1
14	1	1
52	59	133
52	59	133
52	59	133
51	27	1478
51	27	1478
51	27	1478
212	41	243
212	41	243
212	41	243
131	5269	388
131	5269	388
131	5269	388
268	16	1162
268	16	1162
268	16	1162
610	153	840
610	153	840
610	153	840
72	187	5935
72	187	5935
72	187	5935
33	89	3183
33	89	3183
33	89	3183
88	55	984
88	55	984
88	55	984
83	107	4701
83	107	4701
83	107	4701
11	6	13
11	6	13
11	6	13
https://weibo.com/u/2803301701	3034	88486160	98719
https://weibo.com/u/2803301701	3034	88486160	98719
